1.117134999999998268e-02 2.837079370909947884e-03
3.358849999999982683e-03 4.494436001732937669e-04
1.555965384615429214e-03 1.326728209039285122e-04
8.887213235293650593e-04 5.005413671196889958e-05
5.729144658390139533e-04 2.239337835853449921e-05
3.994427116392890165e-04 1.139974970475188254e-05
2.941770246903951946e-04 6.401397168426248285e-06
2.255834210802137862e-04 3.873281580080156772e-06
1.784311206420030604e-04 2.485767107804348619e-06
1.446407666099991385e-04 1.665835523897984949e-06
1.196059973434943080e-04 1.170366893454843904e-06
1.005457416902583168e-04 8.402641246546549425e-07
8.570084148656897938e-05 6.220355933395094183e-07
7.391466898601373181e-05 4.685276248639347330e-07
6.440153816825167077e-05 3.687322128603787164e-07
5.661264547517086410e-05 2.924825454608814823e-07
5.015529060699297492e-05 1.473158083853398637e-07
4.474248969646432705e-05 2.175249709662763209e-07
4.016058527331334282e-05 3.020807995551821890e-07
3.624786653733114150e-05 1.210176929916650934e-07
3.288012237341597643e-05 7.055042841597192194e-08
2.996067251299916467e-05 1.902202835524224867e-08
2.741335831377145205e-05 2.004157856061450360e-07
2.517753004294132069e-05 4.613811549897262054e-07
