0.000000000000000000e+00
0.000000000000000000e+00
0.000000000000000000e+00
0.000000000000000000e+00
0.000000000000000000e+00
0.000000000000000000e+00
0.000000000000000000e+00
0.000000000000000000e+00
0.000000000000000000e+00
0.000000000000000000e+00
0.000000000000000000e+00
0.000000000000000000e+00
0.000000000000000000e+00
0.000000000000000000e+00
0.000000000000000000e+00
0.000000000000000000e+00
0.000000000000000000e+00
0.000000000000000000e+00
1.010416666666664742e-01
-2.081668171172168513e-17
-3.469446951953614189e-18
-4.614583333334707493e-01
-1.979166666666822005e-01
1.979166666666617447e-01
-2.148958333332055659e+00
-9.583333333332276771e-01
9.583333333333838855e-01
0.000000000000000000e+00
0.000000000000000000e+00
0.000000000000000000e+00
0.000000000000000000e+00
0.000000000000000000e+00
0.000000000000000000e+00
-4.614583333333939219e-01
1.979166666666603014e-01
-1.979166666666751229e-01
1.010416666666563712e-01
-6.661338147750939243e-16
-7.945033519973776492e-16
-4.614583333332533677e-01
-1.979166666666579699e-01
1.979166666666581920e-01
0.000000000000000000e+00
0.000000000000000000e+00
0.000000000000000000e+00
0.000000000000000000e+00
0.000000000000000000e+00
0.000000000000000000e+00
-2.148958333332037007e+00
9.583333333333078352e-01
-9.583333333332083592e-01
-4.614583333325270598e-01
1.979166666666840046e-01
-1.979166666666003771e-01
1.010416666666733576e-01
1.915134717478395032e-15
1.318389841742373392e-15
0.000000000000000000e+00
0.000000000000000000e+00
0.000000000000000000e+00
0.000000000000000000e+00
0.000000000000000000e+00
0.000000000000000000e+00
0.000000000000000000e+00
0.000000000000000000e+00
0.000000000000000000e+00
0.000000000000000000e+00
0.000000000000000000e+00
0.000000000000000000e+00
0.000000000000000000e+00
0.000000000000000000e+00
0.000000000000000000e+00
0.000000000000000000e+00
0.000000000000000000e+00
0.000000000000000000e+00
-1.546875000000000333e-01
-1.546875000000000333e-01
1.265625000000005773e-01
-5.498437500000004086e+00
5.470312500000007461e+00
-2.602968750000007603e+01
2.600156249999956870e+01
-7.187343749999936904e+01
-5.498437499999992539e+00
1.265624999999993561e-01
-1.546875000000005329e-01
-1.546874999999992006e-01
1.265624999999994671e-01
-5.498437499999843325e+00
5.470312499999842260e+00
-2.602968750000238884e+01
-2.602968750000019682e+01
5.470312499999907985e+00
-5.498437499999839773e+00
1.265625000000012434e-01
-1.546874999999889866e-01
-1.546874999999801048e-01
1.265624999999843681e-01
-5.498437499999848654e+00
-7.187343750000141540e+01
2.600156249999926317e+01
-2.602968749999927311e+01
5.470312499999314682e+00
-5.498437500001422507e+00
1.265624999999950262e-01
-1.546875000000440536e-01
-1.546874999999729994e-01
