-3.124990133208653372e-15
-3.403950567174476862e-15
1.403006484595419519e-17
2.001992599450839156e-15
-2.116154563250129263e-15
-2.741665689699270509e-14
-5.776566499373796443e-17
2.190605110641967989e-14
5.709718469991408808e-15
-8.849084041892664791e-17
9.898965707308213305e-15
9.408864822534137098e-15
-3.199921566182947689e-17
2.430234813416140428e-15
7.010227945925319344e-16
-1.268030020379459612e-16
1.541701605828564168e-15
1.254268980847254315e-15
1.587213632310813254e-16
-1.774674164923837000e-16
5.015729899919169736e-16
-2.878703907439268561e-16
3.408710318233180901e-16
1.611619705261815933e-16
-1.623351396799530945e-16
-3.998553459734273910e-16
-1.183476300300449440e-15
6.695650020492712703e-17
-5.542841903502838645e-16
2.982280713715586186e-14
1.685604668004201399e-17
0.000000000000000000e+00
0.000000000000000000e+00
-2.338082540230079819e-15
-1.710862353688120456e-14
-1.778695092908113676e-16
-2.391737148202858847e-04
-7.008395049269868296e-03
5.044140486396354525e-03
4.431772530436671855e-04
-1.337764905452887634e-02
-1.362947122760931225e-02
1.305815796765913439e-04
-6.389125300768660684e-03
-6.327612387077588552e-03
2.435725637684091045e-05
-2.404183918021011914e-03
-1.813347142856223905e-03
-6.185410635740681857e-06
-8.548381328781318005e-04
-8.748938611085517198e-04
-1.407472538441165025e-05
-9.170072486744348418e-04
-1.019237913802705040e-03
-9.423681139867185090e-06
-9.905374618562349989e-04
-1.034108405375064625e-03
-3.928622275440748066e-06
-7.046123017514383663e-04
-8.124493533923098001e-04
-3.745759853453999226e-06
-3.163691211671348035e-04
-2.845611116882139770e-04
3.752016912884725038e-16
8.115764197019782892e-15
-3.397733218700765322e-15
4.649549012978215339e-16
-1.642571691327969747e-14
9.855122058004197206e-15
8.297868989016076358e-05
1.236656928381084939e-03
-2.131578398543259451e-03
-3.823293605684537174e-06
1.683405044439968213e-03
-2.927002741336502331e-03
-6.415662499808433338e-05
-1.280137886416778071e-03
4.444934746234164950e-03
1.876640748223038475e-05
-4.619678934351605960e-03
-4.091576086092388841e-03
3.628825454066308552e-05
-4.030085805761860103e-03
-3.010775703029575350e-03
1.974000488918668791e-06
-3.452017292058265525e-03
-2.292982235860566154e-03
2.469804194741992624e-06
-3.384626428773677542e-03
-2.619855655270744276e-03
6.144917102900334844e-06
-2.578508011809226962e-03
-2.074253678739807708e-03
5.152898058285349076e-06
-1.089940328706762726e-03
-1.107858353968761396e-03
-6.692037424109322043e-17
-7.940579260233861048e-16
-6.819833107133018216e-16
2.964271700968237359e-17
6.719314983596506611e-15
-5.969827610831586651e-16
1.730220381645650933e-04
8.106191084231871482e-04
9.911466215995663048e-03
-5.405251504094009640e-05
3.141440123591798805e-03
-9.270065223680146963e-04
6.496168089505431848e-05
4.949775983008377614e-04
-1.515070297364716706e-03
-7.333174738315574993e-05
-7.640626366934682697e-04
1.442268625959097512e-03
8.686235165089315735e-06
-2.047352799880663987e-03
7.919378798340909360e-04
-1.294081919602840653e-05
-2.591252911823088440e-03
-1.227236533899270753e-03
-8.730534865782173985e-07
-4.743331049822421298e-03
-2.167146818228596426e-03
1.894332111036138247e-05
-4.233462013763770841e-03
-2.342771728480600498e-03
5.360548839826739300e-06
-2.325317533964344451e-03
-1.976855700979365284e-03
8.071931141870792513e-18
-1.678708102040054268e-16
1.673738842787530894e-16
-4.237488211668398839e-17
2.230034912171799719e-16
2.898689689012689528e-15
6.693615869298352901e-05
-3.820725906209384518e-04
1.641673127568941916e-03
-1.614225749692219602e-04
4.905795589915846328e-03
1.358360276214439638e-03
-2.481617253997807414e-05
7.340006105077214772e-04
3.766153840587958997e-04
-2.353272023854313696e-05
-1.494280225998351501e-03
8.412685261450668014e-04
4.482332024638397094e-05
-5.147345380246238442e-05
-1.650789797472072915e-03
-2.649552439609088476e-05
-2.311760391984323253e-04
8.226882635558298512e-04
-6.508306677811343624e-06
-1.504485760553740279e-03
1.061043204365381401e-03
4.778132156244445291e-05
-3.726848783238402574e-03
-1.296901359875329883e-03
-5.046140296570487187e-06
-2.973699604073789474e-03
-1.450800163286148194e-03
8.789905050576089524e-17
3.876388184612910979e-16
-3.369617567947949695e-16
1.464771032415843428e-16
-6.883434607144007457e-16
5.707356416625748026e-15
-1.066101937433275174e-04
5.405720081531503046e-03
-5.733427168042256467e-03
-9.026430394422946019e-06
-4.117469522905673959e-03
5.106469496400966972e-03
-7.256720923989396421e-05
3.687228859323146896e-04
-6.295018302090710617e-04
-1.808599418077129104e-05
-8.282856053901623732e-04
2.096347388260262027e-04
8.654834567638979050e-06
-8.992532826220545885e-04
1.725068227238323439e-04
2.592468665370362087e-05
4.531315737406525984e-04
-4.285648815762734464e-04
-4.033645709663739587e-06
1.654431617842293592e-04
-6.554142385692035598e-04
7.199814565654346799e-06
2.817872745547222503e-04
1.140101663212104727e-03
3.781596275530595488e-05
-1.696020234026153831e-03
1.223069222212864234e-03
2.950957499191424390e-18
3.108240183329005507e-17
4.532018916606817790e-16
-1.062263667418182684e-16
2.185495988360373559e-15
4.781310345976081186e-16
-9.151691566428232164e-05
8.319800828321161253e-04
-4.878748806366936248e-04
5.418929080542286608e-05
-5.010586218942912444e-03
-4.627377213997389480e-03
-6.383473385463257852e-05
-6.874820486409334054e-05
-1.393610432745184076e-03
1.235418352553305020e-05
1.365214182142282658e-04
-9.124283224445515952e-05
1.526844213235203468e-05
-8.579634846393156562e-04
4.333803006685439641e-04
4.537769389170836714e-07
5.271527884976987986e-04
-3.228465229228031004e-04
-1.664393265853519660e-05
4.618072927289997910e-04
4.593328483057968772e-04
4.103991616980298424e-06
-9.455049292890612897e-04
-2.241172495308652046e-04
3.749499383088469797e-05
-2.414294188266250560e-04
-1.745912096445167028e-03
-1.275750053310195082e-17
-2.763648773957232651e-16
-1.248378516646908380e-17
5.356042382076600551e-18
-3.682039012778236519e-16
6.166244815614938877e-16
3.602434995804797271e-05
-2.622121540835696801e-03
3.326399164376008313e-03
1.927295380953321783e-05
1.784831040677697066e-03
-5.172918115650316020e-03
3.442719814761793659e-05
-2.042987139349419605e-03
-3.834832917904953042e-04
3.248909867936633192e-06
7.284742808917003126e-04
-1.281480593996906772e-03
2.115343221448459258e-05
-4.674855874269841314e-04
-2.011520321016364409e-04
-1.025111146349544033e-05
5.789086612380799643e-04
-2.026459729062738802e-06
-7.639995836366069267e-06
2.628076268352303618e-04
-1.692403043852986290e-05
-5.596597768517875385e-06
6.862940829923050304e-04
8.516791292228462250e-06
-3.315727421838475584e-05
-3.484763015828798872e-04
1.044061363274614808e-03
-4.249617383392599394e-18
4.120989437951697675e-17
3.214873147750742609e-17
1.273368752671601122e-17
3.803391308944268064e-16
-1.943181883504179537e-17
4.484131561136068823e-05
-7.475727697795121101e-04
7.150410074582589726e-04
1.815213414884445629e-05
3.741016844193625381e-03
3.228747237628887181e-03
3.850611620544160476e-05
-1.055666335078806308e-03
8.011742155558383531e-04
-3.368929757556549581e-05
1.048975005778532334e-03
-1.981190841653334670e-04
1.867374694367312116e-05
-6.898227363075677427e-04
1.091265835310811333e-04
-8.082039515171640382e-06
-2.520140555679969844e-04
8.713367897688065395e-05
2.025016165741893470e-06
1.323811374782081713e-04
-2.758571006245884804e-04
3.907345773005834969e-06
-1.919235945929115809e-05
-9.291036575897122275e-05
9.987942709036661638e-06
4.481074746249500166e-04
-2.612518938511686423e-04
3.178222297452799242e-18
6.561234678410485138e-18
3.848783990543334375e-17
4.648168485638179024e-18
7.363788937037524858e-16
5.190022538748839201e-16
4.276856862515442337e-05
1.202269649692570960e-03
-1.997357080987631484e-03
-4.498762261678752135e-05
-1.681996319785634877e-03
2.402402810924692076e-03
-2.344045794906529873e-05
3.554114030551357595e-03
2.650727817202915438e-03
8.997907720881465594e-06
-1.156438453986002900e-04
1.492151547216173787e-03
2.035731376773636340e-05
3.109554151987063285e-04
-5.657275255678547799e-04
3.040870932349490860e-06
-1.145575445768890301e-04
-2.389566058728093546e-04
2.292656026160267131e-06
-2.946839913799589308e-04
-1.566890433626775202e-04
9.320862138714118726e-06
-1.650453806295854703e-04
-2.720732622178047701e-04
4.986834551784359205e-06
-9.765377715880682640e-05
-1.190033084711611839e-04
-6.901083361764051117e-19
-1.787196366786482763e-17
4.837403346949046695e-18
-2.301814839045431525e-18
0.000000000000000000e+00
0.000000000000000000e+00
-1.656117401479517768e-18
-3.286057657884470514e-17
4.550435254004656832e-16
2.174982257298474631e-18
-1.438274326149554362e-17
8.571691949309405823e-17
3.634604533921577366e-19
-1.512398479100854427e-17
3.408213209237377431e-18
-1.707458734294663646e-19
7.611200975068334090e-18
-2.567117513845176344e-18
-2.194701299362151302e-19
8.615945479536158545e-19
-1.227547600019548040e-17
-4.353373473221814938e-20
8.815162694177707865e-18
-1.369229564623099098e-17
1.479819233974433765e-19
7.620854473715810506e-19
-2.635674719485107748e-18
-7.381333595466376329e-20
-7.015334905789216543e-19
-1.854840094768581945e-18
1.290036004145044706e-19
-1.383744920036657164e-19
-1.912869051936395425e-18
5.348000444238986076e-20
-8.767241846266041215e-18
5.087733180259858657e-18
3.609872718206478552e-06
5.786114907201375326e-05
3.260609423033264376e-04
2.895739496109393622e-04
1.139313493850642461e-04
1.011300171661901976e-04
4.993115215175809824e-05
2.054748717150643882e-05
1.354646170292178023e-05
-4.567145549858972430e-07
1.356579591511090573e-05
3.916501191178095225e-07
9.435904105030784258e-06
3.183701997855650712e-06
8.251974545652822934e-06
2.313931345782240939e-06
6.556179824840407123e-06
-2.401044909684583177e-06
3.023557295590946444e-06
-4.524948028738108557e-06
-4.746104043614146026e-06
1.364431232961482829e-04
-7.491182735470608227e-05
1.198842011676341248e-04
-3.607735827259630199e-04
2.398842795514241125e-05
-8.492184236619991456e-05
2.276480244812517084e-05
7.932360579080187659e-06
1.758008980556496315e-05
1.115613191684510082e-05
3.561256675117370990e-06
-3.838044563316638185e-06
7.474766584499045455e-06
-1.950326813983718602e-06
4.918520015117232617e-06
-1.250402143487649538e-06
-2.712392456071191233e-06
1.693533852596523954e-06
-9.031157271685458593e-06
-2.064543675356380584e-05
3.830219733243620575e-05
-3.227974457755537378e-05
1.885924950180409821e-05
-3.748336082874223794e-05
9.523741161847278265e-05
8.163912287733826405e-05
-6.974885203328860589e-05
-2.051362829959251107e-04
5.357288725127115092e-06
-7.842695527432840138e-05
-7.233083833243826430e-06
-4.490271977561763930e-05
9.919859229584661003e-06
-5.316659107361242374e-05
1.305836683977090234e-05
-2.780418982651880922e-05
-4.498355343731043639e-07
-1.487555272621520414e-05
-1.563375740241393355e-05
-1.382185073972431555e-06
2.158562307702174170e-04
-1.787776372996918462e-05
-7.841661862906410552e-06
-7.217515941165216539e-05
3.812063209340835033e-05
8.883612101050236375e-06
-3.613242030851628207e-05
7.747880954281021092e-06
6.233554657610828568e-05
4.523736324526040958e-06
-1.404487192210134960e-05
-8.148188119775280245e-05
1.588611698583281500e-06
-9.316371052404659708e-05
3.653825129801316183e-05
-4.214598405906297949e-05
-2.625660999801883330e-06
-5.347400023781170646e-05
-2.464868624930408863e-05
-3.210260315209256663e-05
4.471714712421336448e-05
5.083628589885105391e-05
-7.865617332760174274e-05
-6.382273759207881777e-05
6.227446818454991965e-05
1.086297879020182587e-06
-5.908041118848548595e-06
4.912858818927169372e-06
-1.104979757692567758e-05
-7.446733502516049717e-06
1.462047646013090363e-05
1.729929929240528672e-05
1.884554439053855510e-05
-8.127702808586972805e-06
3.902888888602385468e-05
-9.526152600585251695e-05
1.459294791586050917e-05
-5.533559932390643224e-05
-2.158968526621281265e-05
-2.181180731071955507e-05
-1.943192566972771844e-04
8.451242162848456729e-06
1.358650997307410413e-04
2.335264955714196010e-05
-5.287192251309418506e-06
1.510024845077089830e-05
-2.478408575703843191e-05
1.110075337105964555e-05
-1.033236395027569085e-05
1.305180076260727490e-06
5.113948690024901302e-09
-7.630827801336417991e-06
-3.159821443081634257e-06
1.099695817812963589e-06
-1.584017815299919641e-05
8.474710298515530915e-05
3.317739810136007537e-05
3.726078094998610830e-05
-5.316708714315479447e-06
2.631030986568311937e-06
-5.045108614607136423e-05
-4.135378005936388634e-05
3.732521309205569173e-05
6.509691948741668194e-05
-4.521904672230409424e-05
1.784306850330544695e-05
-3.113668582369460291e-05
3.158235913940822193e-06
3.142016254127210918e-05
1.039179989890001531e-05
-1.561348702906494959e-05
-1.023561702023379147e-05
-6.469334112839757055e-06
-1.123761011661989900e-05
1.275710211814982961e-05
-2.487570927920367670e-05
-3.951333075057535127e-05
-2.730584470917960129e-05
-2.683820638393687343e-05
4.307412391586874606e-06
1.028362389932917936e-04
-2.236488991514858895e-05
-8.134335443604453000e-05
4.290609912282082733e-06
4.340722390163626515e-05
-1.886054041144502035e-05
-1.552308324454261044e-05
-1.529956892284451953e-06
1.646457199257007935e-05
9.273289835752829630e-06
-1.473847332962659742e-05
-9.605766767701073757e-06
7.631119129438825662e-06
9.444582020608330102e-09
-1.984764697219073833e-06
7.000548335633140013e-07
1.062302262981527134e-05
1.003308981335857014e-05
-6.087149376318515823e-06
5.071320512689273824e-06
5.831375101081645818e-05
5.055992965799580973e-05
1.036184323076444888e-05
-6.991839429756060238e-05
5.139159080181739038e-05
-2.875741375384218492e-05
-1.871070334244362494e-05
-1.448394447857887600e-05
5.392372454102142491e-06
3.733899061565259634e-06
-1.942218184620611419e-06
1.527596837550041869e-06
-1.596715271454842840e-06
1.426216278193773577e-06
1.159539844605371507e-05
5.710876489366918134e-06
4.588839518706816384e-06
7.329016525413856234e-07
8.789896114637228385e-06
-3.655498498042260844e-06
-7.672476978488309353e-06
2.178433548906029968e-06
3.176865637123784330e-05
-1.253700430827328031e-05
-2.008802850157373579e-05
2.071895255467193410e-05
5.089983165273761763e-05
-5.940416233523795677e-06
1.451198705249358153e-05
-6.578888999168008806e-07
2.214925217167065452e-05
6.812685755216700786e-06
-2.950342486807663391e-06
-2.552349773267939105e-06
-1.960808266413677395e-06
-6.390381587823613186e-07
5.308870676811775030e-07
3.439028381673036982e-07
-8.091167532634265144e-07
