0.000000000000000000e+00
0.000000000000000000e+00
6.938893903907226837e-18
0.000000000000000000e+00
0.000000000000000000e+00
-1.040834085586084103e-17
8.795159047023138049e-18
0.000000000000000000e+00
0.000000000000000000e+00
0.000000000000000000e+00
0.000000000000000000e+00
0.000000000000000000e+00
1.281309829878015533e-02
2.062619659756030968e-02
2.539713363601553420e-02
2.799942563317104824e-02
2.882829166894588721e-02
2.799942563317103783e-02
2.539713363601552032e-02
2.062619659756029233e-02
1.281309829878014318e-02
0.000000000000000000e+00
-1.387778780781445367e-17
2.062619659756030968e-02
3.429455445544554032e-02
4.296291231333076999e-02
4.777227722772275226e-02
4.931431540944146430e-02
4.777227722772273144e-02
4.296291231333073529e-02
3.429455445544551256e-02
2.062619659756028193e-02
0.000000000000000000e+00
0.000000000000000000e+00
2.539713363601553420e-02
4.296291231333076999e-02
5.438768393413924429e-02
6.081245555494771415e-02
6.288441551337446700e-02
6.081245555494769334e-02
5.438768393413923041e-02
4.296291231333074223e-02
2.539713363601550644e-02
0.000000000000000000e+00
0.000000000000000000e+00
2.799942563317104824e-02
4.777227722772276614e-02
6.081245555494772109e-02
6.820544554455440500e-02
7.059843553416107753e-02
6.820544554455437725e-02
6.081245555494770721e-02
4.777227722772273144e-02
2.799942563317102395e-02
0.000000000000000000e+00
1.387778780781445367e-17
2.882829166894590109e-02
4.931431540944147124e-02
6.288441551337449476e-02
7.059843553416107753e-02
7.309843553416109363e-02
7.059843553416110529e-02
6.288441551337450863e-02
4.931431540944145042e-02
2.882829166894587333e-02
0.000000000000000000e+00
1.387778780781445367e-17
2.799942563317105518e-02
4.777227722772276614e-02
6.081245555494772803e-02
6.820544554455439112e-02
7.059843553416109141e-02
6.820544554455437725e-02
6.081245555494770028e-02
4.777227722772272450e-02
2.799942563317102048e-02
0.000000000000000000e+00
0.000000000000000000e+00
2.539713363601553420e-02
4.296291231333076999e-02
5.438768393413923735e-02
6.081245555494770721e-02
6.288441551337446700e-02
6.081245555494769334e-02
5.438768393413922347e-02
4.296291231333073529e-02
2.539713363601550991e-02
0.000000000000000000e+00
0.000000000000000000e+00
2.062619659756030274e-02
3.429455445544553338e-02
4.296291231333075611e-02
4.777227722772273838e-02
4.931431540944144348e-02
4.777227722772271062e-02
4.296291231333072835e-02
3.429455445544551256e-02
2.062619659756029233e-02
0.000000000000000000e+00
0.000000000000000000e+00
1.281309829878015186e-02
2.062619659756030274e-02
2.539713363601552726e-02
2.799942563317104130e-02
2.882829166894587333e-02
2.799942563317101007e-02
2.539713363601549603e-02
2.062619659756028540e-02
1.281309829878014318e-02
0.000000000000000000e+00
0.000000000000000000e+00
0.000000000000000000e+00
0.000000000000000000e+00
0.000000000000000000e+00
0.000000000000000000e+00
0.000000000000000000e+00
0.000000000000000000e+00
0.000000000000000000e+00
0.000000000000000000e+00
0.000000000000000000e+00
0.000000000000000000e+00
