8.000000000000000000e+00
3.200000000000000000e+01
7.200000000000000000e+01
1.280000000000000000e+02
2.000000000000000000e+02
2.880000000000000000e+02
3.920000000000000000e+02
5.120000000000000000e+02
6.480000000000000000e+02
8.000000000000000000e+02
9.680000000000000000e+02
1.152000000000000000e+03
1.352000000000000000e+03
1.568000000000000000e+03
1.800000000000000000e+03
2.048000000000000000e+03
2.312000000000000000e+03
2.592000000000000000e+03
2.888000000000000000e+03
3.200000000000000000e+03
3.528000000000000000e+03
3.872000000000000000e+03
4.232000000000000000e+03
4.608000000000000000e+03
