0.000000000000000000e+00
4.167902349469151252e-02
0.000000000000000000e+00
-2.221441469079183051e+00
0.000000000000000000e+00
0.000000000000000000e+00
8.822960085728252799e-02
-2.221441469079183051e+00
0.000000000000000000e+00
-5.507448480625414325e-03
0.000000000000000000e+00
-2.221441469079183051e+00
-1.779793149473472835e-02
-3.388951260698079559e-02
-1.723349509425535497e-02
-2.221441469079183051e+00
0.000000000000000000e+00
8.822960085728193125e-02
0.000000000000000000e+00
-3.388951260698112866e-02
3.520743274608365336e+00
-2.137179322403426340e-15
-1.647987302177966740e-15
-3.388951260698174622e-02
0.000000000000000000e+00
-8.822960085728319413e-02
0.000000000000000000e+00
-2.221441469079183051e+00
-1.723349509425352657e-02
-3.388951260698280787e-02
-1.779793149473533898e-02
-2.221441469079183051e+00
0.000000000000000000e+00
5.507448480625991988e-03
0.000000000000000000e+00
-2.221441469079183051e+00
0.000000000000000000e+00
0.000000000000000000e+00
-8.822960085728227819e-02
-2.221441469079183051e+00
0.000000000000000000e+00
-4.167902349469175538e-02
0.000000000000000000e+00
